124742926
273279238
273309458
273002756
271003851
189371737
222707075
271364859
270837635
180396140
197537570
253096916
213867594
273286353
273231355
183243309
252061110
198592717
270443386
270444804
199108864
106318753
273679076
273186974
186272654
247719163
199023385
263045757
173151886
263753733
270207472
222529881
273187662
273432118
165875543
269955838
273449158
191659040
247409237
127377025
183743642
246168019
270207908
263082579
273679080
199582488
271264846
225934432
247716891
214949297
199049806
134947044
140743794
244299479
155830485
213804144
180396082
192926769
273329318
258667815
147114276
247867291
271472616
247717224
199552737
270206375
67982880
271411857
155530342
151839086
247443890
270958179
249669475
108924121
180396128
214956101
133697603
271949876
272172751
254037367
198436830
270207358
271419403
247667408
270206343
272837529
272354928
215097540
151839034
214937721
263950158
184627417
272373222
179403775
201712505
262530474
190725467
273217831
271381029
215590370
164346430
208603253
270511042
270057535
252299487
177455788
158716872
270165316
262527066
139716070
186228376
252184101
272113288
225211212
272177964
270207303
201967460
177639585
269955670
202508674
180396084
195319601
134829176
190507969
179408253
273218013
206840788
272177760
273332620
252211207
135092859
199520055
163871517
269893135
181483376
249199739
249667967
252566514
249160543
72864540
214672808
199053702
203317484
198437064
214619081
248266752
273231142
208174441
196909214
214960888
272178405
196161158
224114093
149759707
270207528
271356643
251547314
217777189
214615798
77117709
214961090
225195387
193110691
92621126
198732215
272448563
244303372
199631690
273524528
273537223
192121325
273350829
199608103
210938279
252173715
247443969
272828018
253300205
252217237
252560866
271427982
253630333
164960057
273587244
273556642
225917309
225917281
226048097
273534234
155530445
258669915
225206280
214863366
163871486
270994046
205999091
155530366
270209881
173267525
215098242
252011523
270238220
224041690
254037439
253059174
225195503
214863343
225946963
207041896
252356843
151839028
206307542
270545887
244304583
186139798
143022294
202482071
249667643
155530348
225363237
251547656
263884104
208603647
252174116
179377370
203292486
272186808
248280222
249383414
135727674
263051645
135572927
199516096
270301346
263052607
214863346
179409290
270209245
271416179
163871476
217777173
159909050
127257005
213998240
263679019
189572223
190463775
272178565
273472231
181779593
189696941
270208639
252174150
273524879
214863354
273388260
262733862
271165196
177631977
208200896
247436625
160449181
271414723
195879701
151676582
262530745
204954625
225917288
186584312
263060037
271132926
198593129
259478115
247656002
252064720
263972589
273418896
252216947
149756673
214863409
190460046
214678200
254037909
273217826
252587213
208679566
271385968
150656150
248912576
214863355
252221655
215098238
252171302
92621088
206136948
206862580
272462440
214944753
186191702
249145230
272431620
263265580
213565028
189696865
196906988
201509133
272494029
270301517
186434258
215097545
214672900
273350994
249009034
267259879
253409946
208302969
180396090
248280562
135093811
252212309
272373606
225917273
225942250
258839143
180396187
207042577
174216794
270303865
142791368
163871471
273467765
189572199
251545298
210941891
198592553
225940640
205533241
273506176
175807146
203293886
181475022
199264057
198592513
155530453
247666447
199901611
190725464
206051973
183719135
181779366
273231106
263451423
272407267
219395853
87004942
271510684
146952333
247706572
225210585
199522478
194570645
158583221
263449954
204669071
201509070
214962289
149759687
160445997
263450553
143172648
269951823
262551821
272111332
273486388
273464609
251547580
222623722
127363787
164397018
189466548
248172331
213565032
263048919
247853324
208264523
249947165
248163672
214863390
225917249
205996665
121405779
219385976
225917247
248543177
253630026
252483528
163871490
273471481
273431967
215104482
273524877
249086389
248267368
253305778
151839090
272398952
273519841
273215412
273472091
273231034
160445791
195891630
252566338
190725441
270233425
272242859
272432286
262387524
261832184
197770991
198593149
270302043
206131610
251546384
222680363
258569050
247459364
201911413
263057332
252561268
249945720
225195616
155530378
186479817
196673537
263052689
160449183
208679570
210941899
225917319
225917343
225210921
196911702
208601090
203285275
197751617
177614108
271381785
193125722
216353665
273214573
248542157
248277859
225226354
251547240
155530449
204677811
225206828
214863348
249960577
199618391
198995750
239182600
271246549
214863351
213815283
155974507
272111208
195906622
189700810
203320162
270139607
225205574
253300189
151839013
214593523
213998305
271246114
252173934
141087618
263053642
172472210
270546209
217613027
225210012
225273080
252208968
214863401
272431573
220792455
214655695
155530352
253403059
205303070
249085376
247829105
214863371
225917268
272355541
186072783
199104660
190725476
214593527
214615807
186434417
189697988
186984673
248422276
270438713
205305631
273431130
273053034
270139751
248808510
213998715
248287190
252509121
225917323
149759709
273292838
271379828
214615800
210941894
225917269
136979185
248422278
253403050
213998268
225917243
249384402
198302927
191723144
155530390
225917253
201509157
215097526
213565029
198123513
160449446
253394155
213568499
192729512
186985454
189387430
271380888
193859871
252172436
249950252
141322626
254037204
158583026
225917303
213813597
253630371
273464318
199530521
199692559
174500984
161225920
273333335
249145135
193859847
263049031
199104980
198458863
273431956
272177505
135268243
196907103
215871881
205300671
263056369
249033674
225206695
249160185
198984680
225205695
253300191
192729516
249136428
225917213
213818760
263450606
205996228
191726952
273456189
273520127
273519255
137127298
273463773
273513557
273645818
273643995
272447132
273686885
191694005
273724648
273690900
273531041
273532075
210941889
251545181
198592225
214615797
251546151
214615804
210941880
213568496
213565026
215097522
273692349
214619356
213868252
273664679
273602684
273379339
252354629
249035977
248810963
195902379
272526551
213797350
225917324
213755302
248830867
198592308
205962360
210941904
163871448
136975279
273458720
273495791
273519208
273498232
273495615
273520871
273523285
253414659
273524532
273591856
273684164
273645750
208103182
271382436
252220920
273647349
273693243
136983195
273726785
273747303
210941902
210941886
210941895
251547184
210941887
199691055
186633058
186479612
189698164
163871484
189466659
273588815
213568495
149759699
253403038
273631435
201831052
195902569
248913500
225917302
225917305
225917347
214863408
135727702
180396097
198572369
273455715
273465024
273466115
189588675
272413759
137127320
273503426
191726143
273605196
206133399
273686112
198462692
186136339
186635020
136951412
187188428
189696649
189466838
203757948
251545496
203790066
273726263
273513559
273634022
273631539
202370731
273891036
222618764
248913699
252172447
249936050
140143812
195901063
225917341
225917282
213774142
225917215
225917267
225917244
134518212
273523458
273494497
273502975
273684462
216469489
216469746
273455506
273534544
273534939
186434665
155530401
195891105
271365172
204873949
225917335
251546905
191717423
189365717
273726398
92555400
179167744
117806374
217778477
217777182
217777191
273901804
273906240
252587227
273698446
214617998
214619946
273472177
273647623
273670014
222604396
249387966
169264166
248807159
252174435
249033052
263402335
225917251
225917294
208174851
163871510
189695021
205958937
208174618
273536862
273519091
273519102
273520631
273502836
273589246
162188204
273645720
134496483
273746671
273786864
186137683
189700471
161165433
187196562
167383382
190725443
180396111
247761011
273596908
273716533
273691127
271472655
272451911
273607610
273888066
213998703
225187153
248755613
248912686
190506909
214678095
225917228
225917331
225917274
225917220
214863341
225917212
225917354
214863378
214863400
249160304
155831428
130470405
206133001
273214365
273519388
273520821
273520313
273471824
273463558
273502869
273520502
273503169
201831003
273607149
219401840
270841526
273643972
186135963
273726764
273791774
273536581
273536792
273534843
189700765
210941881
251545386
192765349
272190026
189696547
263048763
273747677
273786199
273431022